0.0496174618601799,0.04961768910288811,0.06565215438604355,0.035881705582141876,0.06569942831993103,0.10622001439332962,4.056649686390301e-06,-0.0025109178386628628,-0.0010354893747717142,0.0008146391483023763,-4.64537188236136e-05,0.0008298608008772135
0.0496174618601799,0.04961768910288811,0.06565215438604355,0.035881705582141876,0.06569942831993103,0.10622001439332962,0.0,0.0,0.0,0.0,0.0,0.0
0.0496174618601799,0.04961768910288811,0.06565215438604355,0.035881705582141876,0.06569942831993103,0.10622001439332962,0.0,0.0,0.0,0.0,0.0,0.0
0.0496174618601799,0.04961768910288811,0.06565215438604355,0.035881705582141876,0.06569942831993103,0.10622001439332962,0.0,0.0,0.0,0.0,0.0,0.0
0.6929524540901184,0.5332456827163696,0.7070667743682861,0.6083698868751526,0.7903904318809509,0.8843166828155518,-0.2857653498649597,0.25648772716522217,0.45281338691711426,-0.9217088222503662,0.269928514957428,5.50199556350708
0.8417690992355347,0.6187366843223572,0.8293486833572388,0.6756020188331604,0.8498780727386475,0.9249230623245239,-0.31139495968818665,0.32486623525619507,0.5024185180664062,-0.9541987180709839,0.4472712278366089,4.85705041885376
0.8570619821548462,0.6283812522888184,0.8458086848258972,0.6908556818962097,0.8665474653244019,0.93202805519104,-0.3175163269042969,0.3304673433303833,0.5153684616088867,-0.8756158351898193,0.5177852511405945,4.175590991973877
0.8627270460128784,0.6218706965446472,0.8447180390357971,0.7007879614830017,0.8736163973808289,0.9335010051727295,-0.3330715596675873,0.3272591531276703,0.518815279006958,-0.8074530959129333,0.5629273653030396,3.7190816402435303
0.8676162958145142,0.6123712062835693,0.8379627466201782,0.7103720903396606,0.8748425841331482,0.9312393069267273,-0.3522997796535492,0.3225608468055725,0.5186437964439392,-0.7657328248023987,0.6008711457252502,3.4090850353240967
0.8722490668296814,0.6014513373374939,0.8316183686256409,0.7207455635070801,0.8745607733726501,0.9250960946083069,-0.3733113706111908,0.31685706973075867,0.5194969177246094,-0.7447092533111572,0.6397233605384827,3.2128047943115234
0.8766177892684937,0.5857559442520142,0.8252065181732178,0.7327345013618469,0.8767935633659363,0.9210165143013,-0.4001615345478058,0.3085152506828308,0.5247678756713867,-0.7305140495300293,0.6763813495635986,3.08172607421875
0.8785133957862854,0.571728527545929,0.8190873861312866,0.7419219613075256,0.8769456148147583,0.9116816520690918,-0.42328014969825745,0.3002837002277374,0.5305503606796265,-0.722709596157074,0.7159853577613831,2.9675979614257812
0.8795549273490906,0.5630928874015808,0.8130835294723511,0.7521199584007263,0.8787453174591064,0.9068372249603271,-0.4487648904323578,0.29089197516441345,0.5390086770057678,-0.717926561832428,0.7489453554153442,2.8685860633850098
0.8801417946815491,0.5522721409797668,0.8071854710578918,0.7620801329612732,0.879454493522644,0.9001321792602539,-0.4783215820789337,0.27946552634239197,0.5502681136131287,-0.7120859026908875,0.7754324674606323,2.7770206928253174
0.8795047998428345,0.5400691032409668,0.8000455498695374,0.7705979347229004,0.8784518241882324,0.8943779468536377,-0.5083975791931152,0.2668098211288452,0.5626686215400696,-0.7090709209442139,0.8019407391548157,2.677342176437378
0.8784119486808777,0.5277658104896545,0.794312596321106,0.7806261777877808,0.8793754577636719,0.8902498483657837,-0.543376624584198,0.25241491198539734,0.5782893896102905,-0.7081936001777649,0.8229628801345825,2.5786080360412598
0.8773284554481506,0.5256675481796265,0.7881482243537903,0.7911550402641296,0.8808901906013489,0.8868876695632935,-0.5850722193717957,0.2350483238697052,0.5978226661682129,-0.7088263630867004,0.8428140878677368,2.4791030883789062
0.8760259747505188,0.5241038799285889,0.7815575003623962,0.8023501634597778,0.8835141658782959,0.8853619694709778,-0.631325364112854,0.21554093062877655,0.6204893589019775,-0.7142658233642578,0.8639511466026306,2.402007579803467
0.8727622628211975,0.5457382202148438,0.7749722599983215,0.8134973049163818,0.8837302923202515,0.8833343982696533,-0.684958815574646,0.19203242659568787,0.6476380825042725,-0.7227972745895386,0.8823161125183105,2.359119176864624
0.8595924377441406,0.5131491422653198,0.7667942047119141,0.8217926621437073,0.8810709714889526,0.8782240152359009,-0.736794114112854,0.16680775582790375,0.6772195100784302,-0.7328739762306213,0.9035016894340515,2.351809024810791
0.8501114845275879,0.47022876143455505,0.7598748803138733,0.8335954546928406,0.8813721537590027,0.8782689571380615,-0.8018193244934082,0.13599754869937897,0.7157348394393921,-0.7486105561256409,0.9148234128952026,2.3740761280059814
0.8340752124786377,0.41479015350341797,0.7531847357749939,0.8435767292976379,0.8797641396522522,0.8820222616195679,-0.8728664517402649,0.0992904007434845,0.7621979117393494,-0.7655327916145325,0.9241425395011902,2.441222906112671
0.8103938102722168,0.34697583317756653,0.7456833124160767,0.8522384166717529,0.8767020106315613,0.8841992616653442,-0.9465107917785645,0.05762350559234619,0.8167113661766052,-0.7848153710365295,0.9390391111373901,2.5486903190612793
0.7830910086631775,0.1920352727174759,0.7396115660667419,0.8605772852897644,0.8750118017196655,0.8856521248817444,-1.0262198448181152,0.011535875499248505,0.8800457715988159,-0.8037363290786743,0.9595973491668701,2.7021100521087646
0.7542280554771423,0.38330888748168945,0.7347522377967834,0.868216335773468,0.8753067851066589,0.8858049511909485,-1.106105089187622,-0.03552240505814552,0.9482662081718445,-0.822966992855072,0.9965626001358032,2.9140124320983887
0.7141818404197693,0.47067537903785706,0.7270559668540955,0.8688369989395142,0.8721282482147217,0.8866581320762634,-1.1823809146881104,-0.08718770742416382,1.0237040519714355,-0.8177825212478638,1.0227231979370117,3.1281847953796387
0.6759255528450012,0.5445420145988464,0.7203717231750488,0.8690853714942932,0.8706382513046265,0.8903637528419495,-1.261138916015625,-0.13899679481983185,1.102503776550293,-0.7965052723884583,1.0498541593551636,3.343538761138916
0.6436300277709961,0.6027491092681885,0.711334228515625,0.8673154711723328,0.8702301383018494,0.8897277116775513,-1.332869052886963,-0.18490223586559296,1.176092267036438,-0.7636546492576599,1.0814353227615356,3.5199222564697266
0.6222310066223145,0.6421229839324951,0.6983281373977661,0.8653317093849182,0.8742979168891907,0.8878551721572876,-1.3973345756530762,-0.22176606953144073,1.2417762279510498,-0.7165144681930542,1.1040244102478027,3.6494781970977783
0.609980046749115,0.6630622148513794,0.6819965243339539,0.8618435859680176,0.8810746073722839,0.8850340247154236,-1.4528864622116089,-0.24984385073184967,1.2972025871276855,-0.6586577296257019,1.114266276359558,3.689159870147705
0.6070762276649475,0.6321264505386353,0.6642041802406311,0.8574565649032593,0.8911095261573792,0.8856927752494812,-1.5081586837768555,-0.2720244526863098,1.3441143035888672,-0.590884268283844,1.082815170288086,3.632467269897461
0.609157383441925,0.6199649572372437,0.6428000330924988,0.8511855602264404,0.9001126289367676,0.8866041302680969,-1.5584502220153809,-0.2895567715167999,1.3816540241241455,-0.5253178477287292,1.0369125604629517,3.50189471244812
0.6130761504173279,0.6398435831069946,0.6268326044082642,0.8420520424842834,0.9084276556968689,0.8846440315246582,-1.6012274026870728,-0.3034582734107971,1.4113435745239258,-0.4646907448768616,0.9802533388137817,3.3325228691101074
0.6153941750526428,0.6582129001617432,0.6165558099746704,0.8275971412658691,0.9139375686645508,0.8812642693519592,-1.6336815357208252,-0.3146706223487854,1.4335103034973145,-0.406879723072052,0.9164372682571411,3.150578022003174
0.6134524941444397,0.6735414862632751,0.6031846404075623,0.8092625141143799,0.9169191718101501,0.8740720748901367,-1.6531916856765747,-0.32291173934936523,1.4488983154296875,-0.35449352860450745,0.8516045808792114,2.9536070823669434
0.6115310192108154,0.6853730082511902,0.5916736125946045,0.7897999286651611,0.9195255041122437,0.8638387322425842,-1.6618484258651733,-0.3283834755420685,1.4590173959732056,-0.31107664108276367,0.800451397895813,2.758047103881836
0.6092697978019714,0.6918825507164001,0.5819831490516663,0.7709072828292847,0.9204330444335938,0.8537467122077942,-1.6612001657485962,-0.33185574412345886,1.463961124420166,-0.27317148447036743,0.7537630796432495,2.5648086071014404
0.6279197335243225,0.6957960724830627,0.573486328125,0.7499052882194519,0.9209440350532532,0.846011221408844,-1.6495366096496582,-0.333313524723053,1.4637705087661743,-0.23831260204315186,0.7071199417114258,2.3706696033477783
0.6701672673225403,0.6934499144554138,0.568049430847168,0.7327820062637329,0.9248852133750916,0.8391626477241516,-1.6286225318908691,-0.3314247131347656,1.4595757722854614,-0.20557144284248352,0.6746877431869507,2.182086944580078
0.698142409324646,0.6856708526611328,0.5641782283782959,0.7147074341773987,0.9269529581069946,0.8364067673683167,-1.5961819887161255,-0.3267419636249542,1.448617696762085,-0.16955101490020752,0.64329594373703,1.9797695875167847
0.6928206086158752,0.6722947359085083,0.5632411241531372,0.6969118118286133,0.9280162453651428,0.8372781872749329,-1.552710771560669,-0.3191690742969513,1.430640459060669,-0.13035407662391663,0.6143280863761902,1.7637519836425781
0.6928188800811768,0.6495229601860046,0.5643646121025085,0.6840793490409851,0.9345484972000122,0.8430256247520447,-1.5028737783432007,-0.306471586227417,1.4073699712753296,-0.09044301509857178,0.5916038751602173,1.5355939865112305
0.6907172203063965,0.6199004054069519,0.5695928335189819,0.6705973148345947,0.9387400150299072,0.852954089641571,-1.4432785511016846,-0.2900851368904114,1.3751018047332764,-0.0470605343580246,0.5606247782707214,1.2850691080093384
0.6891272068023682,0.5839397311210632,0.5756595134735107,0.6595421433448792,0.9428760409355164,0.8641427159309387,-1.3781520128250122,-0.2697451412677765,1.3373404741287231,-0.0009697155328467488,0.5303147435188293,1.0341264009475708
0.6856382489204407,0.5567258596420288,0.5810527205467224,0.647510290145874,0.9444231986999512,0.877256453037262,-1.3039195537567139,-0.24606572091579437,1.2921944856643677,0.04823538661003113,0.4840891361236572,0.7671000957489014
0.6793679594993591,0.5292280912399292,0.6010572910308838,0.6380463242530823,0.9432287216186523,0.8890361189842224,-1.2182068824768066,-0.21857918798923492,1.2408859729766846,0.0986168310046196,0.418208509683609,0.4881579875946045
0.6715041995048523,0.49208304286003113,0.6212418079376221,0.6354894042015076,0.9416449069976807,0.9000906944274902,-1.1196566820144653,-0.18526950478553772,1.1851869821548462,0.14381925761699677,0.32750773429870605,0.19970150291919708
0.6633039712905884,0.44200998544692993,0.6372131705284119,0.6317797899246216,0.9416327476501465,0.9102510213851929,-1.0092750787734985,-0.14563408493995667,1.126927375793457,0.17427267134189606,0.21339496970176697,-0.12077771127223969
0.6564199328422546,0.3748943507671356,0.652420163154602,0.6301891803741455,0.9435171484947205,0.9147595167160034,-0.8924537897109985,-0.1001085489988327,1.0688319206237793,0.1856091171503067,0.09523507207632065,-0.4765899181365967
0.6506274938583374,0.2755829691886902,0.6638911366462708,0.6301925778388977,0.9437153935432434,0.922610878944397,-0.7703875303268433,-0.049939822405576706,1.0101797580718994,0.18003898859024048,-0.012303516268730164,-0.7975720763206482
0.6431072950363159,0.11499921977519989,0.6724387407302856,0.6311486959457397,0.9400342106819153,0.9290555119514465,-0.6510369181632996,-0.0031588058918714523,0.9581245183944702,0.16355659067630768,-0.10445466637611389,-1.0217314958572388
0.6315943002700806,0.17164012789726257,0.678841233253479,0.6299190521240234,0.9303486347198486,0.9354346990585327,-0.535359799861908,0.03643924370408058,0.9162641763687134,0.15008696913719177,-0.17441558837890625,-1.1411772966384888
0.5780853033065796,0.2672487199306488,0.6994393467903137,0.6275126338005066,0.9173120260238647,0.9404749870300293,-0.4235295355319977,0.06943941116333008,0.881037712097168,0.14743734896183014,-0.23111969232559204,-1.2365033626556396
0.5320160984992981,0.3317463994026184,0.7272264361381531,0.627110481262207,0.9166525602340698,0.9496510624885559,-0.3156888782978058,0.10205398499965668,0.8556358218193054,0.15169675648212433,-0.2707750201225281,-1.290915846824646
0.5010102391242981,0.37571170926094055,0.7504698634147644,0.6257646679878235,0.9181253910064697,0.957679033279419,-0.226337268948555,0.12830238044261932,0.8348537683486938,0.15592962503433228,-0.3174887001514435,-1.2382358312606812
0.48442184925079346,0.4069540798664093,0.7690110206604004,0.6251121759414673,0.9188541173934937,0.9584694504737854,-0.15789894759655,0.1486220359802246,0.817561149597168,0.15289482474327087,-0.3765626549720764,-1.07290780544281
0.47826969623565674,0.42967599630355835,0.7832091450691223,0.62480229139328,0.918720543384552,0.9598965048789978,-0.10577249526977539,0.16394104063510895,0.8043420910835266,0.13952293992042542,-0.4304390847682953,-0.8428283929824829
0.472994863986969,0.44373175501823425,0.7943611145019531,0.6239199042320251,0.916668713092804,0.9591438174247742,-0.06786654889583588,0.1743772029876709,0.7946265339851379,0.11601699888706207,-0.4773635268211365,-0.5874624252319336
0.46879124641418457,0.4535578489303589,0.8031481504440308,0.6250870227813721,0.9131274223327637,0.9574546813964844,-0.04001770168542862,0.18176871538162231,0.7883935570716858,0.08851224929094315,-0.5086661577224731,-0.3410729169845581
0.4657841622829437,0.45967668294906616,0.811494767665863,0.6264631152153015,0.9105818867683411,0.9558250904083252,-0.02217002585530281,0.1862335503101349,0.7850871682167053,0.05724269896745682,-0.5278911590576172,-0.11678615212440491
0.46344706416130066,0.463520348072052,0.8178646564483643,0.6279979348182678,0.9093403220176697,0.9537230134010315,-0.009751961566507816,0.18918658792972565,0.7835673689842224,0.02988254837691784,-0.5365283489227295,0.06997690349817276
0.46178048849105835,0.4652320444583893,0.825030505657196,0.631446123123169,0.9109926819801331,0.953784167766571,-0.003070998936891556,0.19066831469535828,0.7846986055374146,0.006517196074128151,-0.5329097509384155,0.2198444902896881
0.459502249956131,0.4645668566226959,0.8295180201530457,0.6328036785125732,0.9121255874633789,0.9530565142631531,0.0004760397714562714,0.19001378118991852,0.7870705127716064,-0.010383810847997665,-0.5267345309257507,0.32994136214256287
0.45857056975364685,0.46439608931541443,0.8337573409080505,0.6347456574440002,0.9120094180107117,0.9518913626670837,0.0019299734849482775,0.18985451757907867,0.7872486710548401,-0.025606155395507812,-0.5206248164176941,0.40727847814559937
0.45798084139823914,0.46362730860710144,0.8371105194091797,0.6352621912956238,0.9130734801292419,0.9527993202209473,0.0015111358370631933,0.18911923468112946,0.787623941898346,-0.037122942507267,-0.514593780040741,0.4600716829299927
0.4583432376384735,0.463012158870697,0.8403454422950745,0.6392230987548828,0.91404789686203,0.9519120454788208,-0.000567676208447665,0.18862178921699524,0.7872493267059326,-0.04571322351694107,-0.5048771500587463,0.4930344820022583
0.4580898582935333,0.4608871042728424,0.8425930142402649,0.6429252028465271,0.9157918095588684,0.9521719217300415,-0.0044452594593167305,0.18683747947216034,0.7878726124763489,-0.04986390098929405,-0.49522337317466736,0.5055252909660339
0.4583496153354645,0.4595673680305481,0.8443244099617004,0.6461882591247559,0.9170122742652893,0.9546675682067871,-0.007610103115439415,0.18586021661758423,0.786668598651886,-0.05092150345444679,-0.4844367206096649,0.4996125400066376
0.45876580476760864,0.4578359127044678,0.8460723161697388,0.6495123505592346,0.9173703789710999,0.9553645849227905,-0.011332402005791664,0.18467965722084045,0.7847335338592529,-0.053755346685647964,-0.47825658321380615,0.4872138798236847
0.45883819460868835,0.45492517948150635,0.8480233550071716,0.6537721157073975,0.9184936285018921,0.9539639353752136,-0.017262224107980728,0.1825428456068039,0.7847587466239929,-0.05438099801540375,-0.468172550201416,0.47368693351745605
0.4600515067577362,0.45334988832473755,0.8494337797164917,0.6567605137825012,0.9197321534156799,0.9569751024246216,-0.023080896586179733,0.1812298744916916,0.782657265663147,-0.05577779933810234,-0.45925459265708923,0.45242929458618164
0.4607463777065277,0.4516916871070862,0.8515349626541138,0.6596899628639221,0.9199179410934448,0.9561355113983154,-0.028238555416464806,0.17982777953147888,0.7803663611412048,-0.05693981423974037,-0.4537964463233948,0.42312517762184143
0.4626999795436859,0.4508742690086365,0.8529172539710999,0.6634859442710876,0.9179644584655762,0.9573367834091187,-0.03345898538827896,0.17946258187294006,0.7759312987327576,-0.06260368227958679,-0.4522225260734558,0.3969501852989197
0.4648658335208893,0.4498361051082611,0.8556554317474365,0.6671027541160583,0.9179741740226746,0.9568871855735779,-0.0394466407597065,0.1787087321281433,0.7731831669807434,-0.06716209650039673,-0.4476633071899414,0.37568238377571106
0.46780988574028015,0.4485907256603241,0.859186053276062,0.6721189618110657,0.9196263551712036,0.9558344483375549,-0.04734601080417633,0.17789219319820404,0.7704194784164429,-0.0730731263756752,-0.44056686758995056,0.3511587977409363
0.47066351771354675,0.4470904767513275,0.8608104586601257,0.67600417137146,0.9174309372901917,0.9547881484031677,-0.05635640770196915,0.17698934674263,0.7660054564476013,-0.08183255046606064,-0.4400980770587921,0.3215281665325165
0.47479936480522156,0.4462660849094391,0.8640919923782349,0.6802731156349182,0.9170730113983154,0.9548472762107849,-0.06686995178461075,0.17647136747837067,0.7616003751754761,-0.09153294563293457,-0.4368865191936493,0.3014135956764221
0.479399174451828,0.4455150067806244,0.8672732710838318,0.6850572228431702,0.9157249927520752,0.953223466873169,-0.07788614928722382,0.17616330087184906,0.7564085721969604,-0.10303942114114761,-0.4373721182346344,0.27191871404647827
0.4849488437175751,0.4454646110534668,0.8702206015586853,0.6897046566009521,0.9131830930709839,0.95185387134552,-0.0903397649526596,0.17625923454761505,0.7499080300331116,-0.1173567846417427,-0.4392435550689697,0.2420724779367447
0.4915943443775177,0.44550490379333496,0.874116837978363,0.6950110793113708,0.911792516708374,0.9508213400840759,-0.1042904257774353,0.17649680376052856,0.7434082627296448,-0.13072428107261658,-0.4402256906032562,0.21523645520210266
0.4963841140270233,0.44509512186050415,0.8786090612411499,0.7011781334877014,0.912023663520813,0.950067400932312,-0.11698976904153824,0.17630763351917267,0.7380113005638123,-0.14120016992092133,-0.4389635920524597,0.18381847441196442
0.5012103915214539,0.4443832337856293,0.882033109664917,0.7061158418655396,0.91085284948349,0.9491031169891357,-0.12956900894641876,0.17585745453834534,0.7307636737823486,-0.14947423338890076,-0.44386109709739685,0.1437758505344391
0.5084875822067261,0.44414442777633667,0.885729968547821,0.7110874056816101,0.9100764989852905,0.9489794373512268,-0.14674119651317596,0.17585605382919312,0.7217386960983276,-0.1569834053516388,-0.44246208667755127,0.11956273764371872
0.5143283605575562,0.443690687417984,0.8902495503425598,0.7164255976676941,0.9107608199119568,0.9473751783370972,-0.16189216077327728,0.1756075769662857,0.7133072018623352,-0.15895992517471313,-0.4397052228450775,0.08088984340429306
0.5214259624481201,0.4441995322704315,0.8924238085746765,0.7197340130805969,0.9089271426200867,0.9467283487319946,-0.17802031338214874,0.1760019212961197,0.7006389498710632,-0.15992958843708038,-0.4451802372932434,0.04561743885278702
0.5270519256591797,0.44436776638031006,0.8961485028266907,0.7233970165252686,0.9098469614982605,0.9460368752479553,-0.1925192028284073,0.17619062960147858,0.6889289021492004,-0.1535738855600357,-0.4488369822502136,0.016932154074311256
0.5325493812561035,0.44398602843284607,0.899852991104126,0.7274084091186523,0.9107697010040283,0.947729766368866,-0.208428755402565,0.17559492588043213,0.6773934960365295,-0.1454755961894989,-0.4465879499912262,-0.010668732225894928
0.5378731489181519,0.4491555094718933,0.9025068283081055,0.7296245098114014,0.9112909436225891,0.9483394026756287,-0.22360436618328094,0.1748630404472351,0.6633817553520203,-0.13129544258117676,-0.45357391238212585,-0.0412464365363121
0.5423403382301331,0.4548868238925934,0.9057585000991821,0.733063280582428,0.9122406840324402,0.9499079585075378,-0.23828890919685364,0.1736966371536255,0.6502450108528137,-0.1147211492061615,-0.45722272992134094,-0.06370247155427933
0.5458535552024841,0.4599647521972656,0.9078360199928284,0.734174907207489,0.913320004940033,0.9527287483215332,-0.2501501739025116,0.1724952757358551,0.6359673738479614,-0.09350186586380005,-0.46500688791275024,-0.0851789265871048
0.546513020992279,0.4642368257045746,0.9079590439796448,0.7347039580345154,0.912805438041687,0.9543024301528931,-0.2606946527957916,0.17039451003074646,0.6201785206794739,-0.06715346872806549,-0.48264080286026,-0.09509653598070145
0.5479889512062073,0.4701886773109436,0.9094369411468506,0.7358958125114441,0.9131128191947937,0.9562652111053467,-0.2722211480140686,0.16730833053588867,0.6054803729057312,-0.03795923292636871,-0.49019676446914673,-0.10879281908273697
0.5462421178817749,0.4782824218273163,0.9087584614753723,0.733777642250061,0.9116283655166626,0.9578291773796082,-0.2788960337638855,0.1630420982837677,0.5900033712387085,0.0012218909105286002,-0.49723243713378906,-0.11117682605981827
0.5412872433662415,0.4887879490852356,0.906812846660614,0.7321537137031555,0.9112626910209656,0.9581298828125,-0.28484946489334106,0.15497632324695587,0.5760501027107239,0.04859485849738121,-0.507187008857727,-0.10782027989625931
0.5330069661140442,0.4831046760082245,0.9042294025421143,0.7298265099525452,0.9109441637992859,0.9604036808013916,-0.290272057056427,0.14419925212860107,0.5621455907821655,0.10538047552108765,-0.5050579309463501,-0.1058964803814888
0.5193754434585571,0.45648130774497986,0.8930180668830872,0.7195088267326355,0.9049931168556213,0.9583486318588257,-0.29300829768180847,0.12935255467891693,0.5387944579124451,0.18819916248321533,-0.5137495994567871,-0.0910271406173706
0.4994872510433197,0.4243601858615875,0.8806315660476685,0.7057498693466187,0.9024419784545898,0.9615201354026794,-0.2914924621582031,0.11053052544593811,0.5158687829971313,0.2984681725502014,-0.5026225447654724,-0.06987590342760086
0.4761030077934265,0.3879065215587616,0.8620092868804932,0.6867613792419434,0.8991848826408386,0.9627285003662109,-0.286580890417099,0.09104069322347641,0.4858134686946869,0.4222460687160492,-0.4800332486629486,-0.0294952429831028
0.4463060200214386,0.3433934450149536,0.8365864753723145,0.6482909321784973,0.8956572413444519,0.9619157910346985,-0.27687975764274597,0.0702589601278305,0.4464332163333893,0.5714210867881775,-0.4375585615634918,0.03802671656012535
0.41434305906295776,0.29890236258506775,0.8178322315216064,0.6024445295333862,0.8928035497665405,0.9624148011207581,-0.2612960636615753,0.051733121275901794,0.3953007459640503,0.7355676293373108,-0.37090280652046204,0.16034719347953796
0.38201457262039185,0.26021823287010193,0.788326621055603,0.5539109110832214,0.8897840976715088,0.959502100944519,-0.23997251689434052,0.03739221766591072,0.3280313014984131,0.9006277918815613,-0.29467418789863586,0.2960513234138489
0.3596206307411194,0.23593252897262573,0.7201944589614868,0.5114753246307373,0.8906984925270081,0.9540183544158936,-0.22208867967128754,0.029809152707457542,0.24453949928283691,1.064000129699707,-0.20559658110141754,0.4323698878288269
0.3452796936035156,0.23121428489685059,0.636555016040802,0.4869533181190491,0.8130239844322205,0.9524477124214172,-0.19931915402412415,0.030210236087441444,0.15968799591064453,1.241430401802063,-0.11640866845846176,0.5907467603683472
0.3395804762840271,0.2441462129354477,0.5467442870140076,0.4950474202632904,0.7313145399093628,0.9555261731147766,-0.17419016361236572,0.03680809214711189,0.07742948830127716,1.4285016059875488,-0.04907679185271263,0.7569219470024109
0.33944380283355713,0.27258434891700745,0.458763062953949,0.5256817936897278,0.6665623188018799,0.954788088798523,-0.1458992213010788,0.048069532960653305,0.002028342802077532,1.5918289422988892,-0.007322047371417284,0.8485828042030334
0.34747055172920227,0.3132767379283905,0.4404944181442261,0.5615536570549011,0.6392560601234436,0.9511139392852783,-0.11682505160570145,0.06459617614746094,-0.06493016332387924,1.7074415683746338,0.0035020788200199604,0.7496301531791687
0.3653576076030731,0.33788296580314636,0.47073307633399963,0.5902164578437805,0.6273868083953857,0.9467273950576782,-0.09739820659160614,0.08344871550798416,-0.11305181682109833,1.7602996826171875,-0.005175766535103321,0.4106147587299347
0.38775092363357544,0.35043662786483765,0.5036615133285522,0.6070038080215454,0.6068752408027649,0.9403543472290039,-0.08723661303520203,0.10223211348056793,-0.14261889457702637,1.7486469745635986,-0.021257078275084496,-0.08699697256088257
0.4082915782928467,0.3688075840473175,0.5244737267494202,0.6106578707695007,0.575297474861145,0.9290826320648193,-0.08162359148263931,0.11809327453374863,-0.15643884241580963,1.676364779472351,-0.03188683092594147,-0.5347939729690552
0.43082621693611145,0.3907012641429901,0.5332002639770508,0.6007484197616577,0.5332701206207275,0.9241717457771301,-0.0847449079155922,0.13362860679626465,-0.1462515890598297,1.559362530708313,-0.039572928100824356,-0.8346171379089355
0.4434695243835449,0.40381142497062683,0.536591112613678,0.5841154456138611,0.49704575538635254,0.915015697479248,-0.08652546256780624,0.14283113181591034,-0.12847431004047394,1.4190577268600464,-0.05299261584877968,-0.872093677520752
0.4495891332626343,0.41029688715934753,0.5385333895683289,0.5588860511779785,0.4725872576236725,0.9094657301902771,-0.08701610565185547,0.14738741517066956,-0.09736686944961548,1.2695282697677612,-0.043728042393922806,-0.714160144329071
0.43757688999176025,0.4004911780357361,0.5269175171852112,0.5281476974487305,0.4511411190032959,0.894521951675415,-0.08066533505916595,0.14062117040157318,-0.07052218914031982,1.1130675077438354,-0.020324764773249626,-0.5177289247512817
0.4118325710296631,0.378956139087677,0.49656587839126587,0.49046191573143005,0.3980283737182617,0.8673096299171448,-0.06381676346063614,0.12779933214187622,-0.059561438858509064,0.9294899702072144,0.018895456567406654,-0.4113537073135376
0.3702206611633301,0.3434731364250183,0.4442637264728546,0.4437239468097687,0.3121410608291626,0.8258694410324097,-0.04734388738870621,0.10595433413982391,-0.06163819134235382,0.6984177231788635,0.05495857074856758,-0.32201194763183594
0.33650630712509155,0.30879026651382446,0.41050899028778076,0.381882905960083,0.3098203241825104,0.8052085041999817,-0.045894183218479156,0.08573102205991745,-0.03064045123755932,0.4751317799091339,0.04164859652519226,-0.10657362639904022
0.2744182348251343,0.25307419896125793,0.3305469751358032,0.3212722837924957,0.226204514503479,0.7002370357513428,-0.03733855485916138,0.057052142918109894,-0.035256508737802505,0.25934192538261414,-0.001102715265005827,-0.11390464007854462
0.17565089464187622,0.17126460373401642,0.2288513034582138,0.2269907146692276,0.164352685213089,0.421455979347229,-0.018559694290161133,0.026356510818004608,-0.03590742126107216,0.09148872643709183,-0.04569938778877258,-0.08899665623903275
0.12091591209173203,0.11609271168708801,0.13962532579898834,0.13329240679740906,0.10287312418222427,0.3417498767375946,-0.0036349634174257517,0.015701303258538246,-0.010871046222746372,0.0488039031624794,-0.05771515890955925,-0.12789411842823029
0.05411235988140106,0.05176711082458496,0.11901667714118958,0.12586332857608795,0.11310208588838577,0.2638939619064331,-0.0011232038959860802,0.0028691082261502743,-0.018408728763461113,0.019281912595033646,-0.022456221282482147,-0.1112259179353714
1.3707608559343498e-06,0.0003404892049729824,0.11094456166028976,0.1168065145611763,0.11213662475347519,0.1768854260444641,0.001046213204972446,0.000626414199359715,-0.014362853951752186,0.04118131473660469,-0.024890724569559097,-0.11760572344064713
0.05182361230254173,0.05116110295057297,0.06304066628217697,0.09383973479270935,0.08895201236009598,0.2635268270969391,-0.0004307497583795339,0.0027741489466279745,-0.005469892639666796,0.05154424160718918,-0.027739781886339188,0.02152850851416588
0.0574268102645874,0.04287704825401306,0.10781485587358475,0.12448705732822418,0.1218828335404396,0.15900489687919617,-0.0066273268312215805,0.0012299171648919582,-0.008804143406450748,0.05026465281844139,-0.0206531323492527,-0.07188747078180313
0.04771846532821655,0.044673431664705276,0.15122045576572418,0.14463096857070923,0.138306125998497,0.270548939704895,-0.008136354386806488,-0.0011553679360076785,-0.017636887729167938,0.01997517980635166,-0.025712182745337486,-0.12150302529335022
0.048491284251213074,0.0011940692784264684,0.08129658550024033,0.09041495621204376,0.11480092257261276,0.21045762300491333,0.0029972433112561703,-0.0011641493765637279,-0.006307869218289852,0.0415436327457428,-0.016113175079226494,0.05702930688858032
1.224900370289106e-05,0.0005391822778619826,0.13099455833435059,0.12823455035686493,0.1304689645767212,0.22137446701526642,-0.001278576790355146,-0.000799987989012152,-0.01907370612025261,0.03233560547232628,-0.00021591178665403277,-0.10591699182987213
0.0002835846389643848,0.047514066100120544,0.1231500655412674,0.11428865045309067,0.11825753003358841,0.11815247684717178,-0.003660187590867281,-0.0019972624722868204,-0.01219990011304617,0.03482526168227196,-0.0250940453261137,0.09976581484079361
0.058379992842674255,0.051165275275707245,0.06479789316654205,0.08988925814628601,0.08647143095731735,0.2950606644153595,-0.0031119005288928747,0.002780915703624487,-0.00010386364738224074,0.05689573660492897,-0.00033603119663894176,-0.034505896270275116
0.03497797250747681,0.04747680574655533,0.13297253847122192,0.1074475422501564,0.12208925932645798,0.26892098784446716,-0.0020241353195160627,-0.0021418898832052946,-0.015583615750074387,0.013167726807296276,-0.017642192542552948,-0.015535770915448666
0.059583041816949844,0.042399968951940536,0.10779671370983124,0.1132950633764267,0.1164504811167717,0.11450524628162384,0.006249444559216499,-0.0015359424287453294,-0.011068332009017467,0.03123217448592186,0.0126804793253541,-0.0426260307431221
0.05079825595021248,0.0012180741177871823,0.10294409841299057,0.10231556743383408,0.10608609765768051,0.252231240272522,0.003669947851449251,-0.001272031688131392,-0.009836840443313122,0.02484169974923134,-0.029916999861598015,-0.07493411749601364
0.0003569502732716501,0.00025671377079561353,0.10586761683225632,0.10592331737279892,0.10695964097976685,0.15444263815879822,0.0028418400324881077,0.0006362416897900403,-0.012188281863927841,0.020489830523729324,0.020392734557390213,0.05420447513461113
0.04493855684995651,0.029233215376734734,0.07863034307956696,0.11062975227832794,0.11591267585754395,0.18903595209121704,0.006662708707153797,0.0011952066561207175,-0.007905649952590466,0.03900408744812012,0.0008865328272804618,8.671440446050838e-05
0.01959879882633686,0.04046657681465149,0.07498686015605927,0.09123494476079941,0.09660055488348007,0.1588444858789444,-0.005185799673199654,-0.0007794322445988655,-0.002946496242657304,0.03235134482383728,0.0003510893147904426,0.008434685878455639
0.05873940885066986,0.04326450824737549,0.11707736551761627,0.09281758964061737,0.11962635815143585,0.3324483335018158,-0.007051791995763779,0.0012633221922442317,0.009204432368278503,0.045999959111213684,0.0009088627994060516,0.13225823640823364
0.08236788958311081,0.07008981704711914,0.15589730441570282,0.12105311453342438,0.1501549929380417,0.39904332160949707,0.0039177462458610535,-0.0056990645825862885,-0.0224089827388525,-0.001136168953962624,-0.0037449917290359735,-0.16464972496032715
0.04431011527776718,0.04980803281068802,0.08292604237794876,0.07652635872364044,0.10069671273231506,0.1260574460029602,-0.002440393902361393,-0.0025229090824723244,-0.004220993723720312,0.0209143478423357,-0.02465304173529148,0.048677004873752594
0.06456389278173447,0.046416498720645905,0.08704092353582382,0.10636331140995026,0.09658282995223999,0.24702754616737366,-0.008272849023342133,0.0016565024852752686,-0.003421549219638109,0.027016593143343925,0.008492879569530487,-0.05936833471059799
0.0859704539179802,0.06360984593629837,0.1300003081560135,0.12692436575889587,0.1287248581647873,0.3444497287273407,0.007051452994346619,-0.004800472408533096,-0.01495642215013504,0.004596898797899485,-0.026008695363998413,0.011377128772437572
0.046280551701784134,0.02200731635093689,0.10020237416028976,0.10307961702346802,0.10014709085226059,0.12960056960582733,-0.004720506723970175,4.156338036409579e-05,-0.008017385378479958,0.012545019388198853,-0.01187232043594122,-0.04770508408546448
0.00035311022656969726,0.00013302432489581406,0.0875435322523117,0.08482865244150162,0.08467426896095276,0.15984849631786346,-0.0007650359184481204,0.00043466550414450467,-0.008415499702095985,0.015220709145069122,0.018298951908946037,0.004008258692920208
0.0005931329214945436,0.00014817329065408558,0.1144769936800003,0.10233479738235474,0.11133713275194168,0.28501245379447937,0.000681017991155386,-0.00048467156011611223,-0.014966408722102642,0.00863625481724739,-0.007425099145621061,-0.032477006316185
0.11089800298213959,0.06773384660482407,0.1841813325881958,0.1883278340101242,0.17881321907043457,0.5007776618003845,0.013170449063181877,-0.005455618724226952,-0.03178553655743599,-0.009348994120955467,-0.007253821007907391,-0.03997889533638954
0.05733673647046089,0.000158835289767012,0.11817733943462372,0.12251643091440201,0.11395329236984253,0.37702590227127075,0.007184326183050871,-0.0007185268332250416,-0.01578807458281517,0.005787643138319254,-0.04487751051783562,0.07728132605552673
0.08030235022306442,0.06040313467383385,0.11838782578706741,0.11837447434663773,0.13150519132614136,0.20215651392936707,0.006520085036754608,-0.004317824263125658,-0.012321907095611095,0.021556725725531578,0.03341070935130119,-0.0452868677675724
0.06283688545227051,0.07715483009815216,0.14242960512638092,0.10970178246498108,0.12692858278751373,0.26360565423965454,-0.004508922342211008,-0.006352414842694998,-0.011767164804041386,0.00870056264102459,-0.0006802224670536816,-0.012279332615435123
0.08082716912031174,0.056829407811164856,0.10065867006778717,0.11486665159463882,0.11459168791770935,0.1412794291973114,0.007902180776000023,-0.003770193550735712,-0.006428899243474007,0.015157978981733322,0.018187416717410088,0.07329453527927399
4.6856214908075344e-07,3.802062337854295e-06,0.05277048423886299,0.053008291870355606,0.062035128474235535,0.14087246358394623,0.00016163500549737364,-0.00018998843734152615,-0.002902100794017315,0.016382727771997452,-0.019466759636998177,-0.04129992052912712
0.0676259845495224,0.07735014706850052,0.1303061991930008,0.09966934472322464,0.1189076229929924,0.22142425179481506,-0.003255796153098345,-0.006573689170181751,-0.009119664318859577,0.01521207857877016,-7.086492405505851e-05,0.025887856259942055
0.047541238367557526,0.03711077198386192,0.08675862848758698,0.05804365500807762,0.0962681695818901,0.25410398840904236,-0.002989823231473565,0.0010030404664576054,0.006216723937541246,0.0266426969319582,-0.016130317002534866,0.03387898951768875
0.0466722771525383,0.04430999234318733,0.1169038787484169,0.08972832560539246,0.11071231216192245,0.3564351499080658,0.0010317552369087934,-0.0016170110320672393,-0.0147378109395504,-0.011682696640491486,0.02219627983868122,-0.020424610003829002
0.11932451277971268,0.07314185798168182,0.16388200223445892,0.19239549338817596,0.17173679172992706,0.44691288471221924,0.01700330525636673,-0.006267269141972065,-0.023988086730241776,-0.00036811994505114853,-0.007792348507791758,-0.03941712528467178
0.05507474020123482,0.04104060307145119,0.0984669029712677,0.10085802525281906,0.0963454321026802,0.2800792455673218,0.004708980675786734,-0.001505367923527956,-0.008614746853709221,0.0026442883536219597,-0.025983432307839394,0.031043602153658867
0.0729692131280899,0.06724485009908676,0.130476713180542,0.09502064436674118,0.12754426896572113,0.3175947070121765,0.0021458498667925596,-0.005251532886177301,-0.014747782610356808,0.0010644679423421621,0.020520934835076332,-0.11475179344415665
0.08152526617050171,0.059305500239133835,0.1416432112455368,0.13424594700336456,0.13523133099079132,0.4145146608352661,0.0072301048785448074,-0.004162509925663471,-0.019302144646644592,-0.011576933786273003,-0.02037884294986725,0.048752561211586
0.045364443212747574,0.05438358336687088,0.06868226081132889,0.06280402094125748,0.09135160595178604,0.2003975808620453,-0.0039053556974977255,-0.0031685770954936743,0.004134179558604956,0.029391944408416748,0.00427592359483242,0.04240420460700989
0.07806755602359772,0.08264179527759552,0.10574819892644882,0.08798596262931824,0.11834417283535004,0.10274361819028854,-0.0015423687873408198,-0.0073809074237942696,-0.00045265734661370516,0.022640297189354897,-0.00928718876093626,-0.023868806660175323
0.0005878706579096615,9.464245522394776e-06,0.05749456211924553,0.044114645570516586,0.0727061852812767,0.1401599794626236,0.001232801005244255,-0.00034231998142786324,0.00406892504543066,0.010765697807073593,0.014195285737514496,0.009854987263679504
0.05128723755478859,0.05382029339671135,0.07172693312168121,0.04423066973686218,0.0994778722524643,0.24676409363746643,-0.000979737495072186,-0.003194344462826848,0.007203972898423672,0.033702705055475235,0.015908049419522285,0.051864366978406906
0.0455511249601841,0.05936393886804581,0.12012051045894623,0.10918493568897247,0.10805394500494003,0.2905750274658203,-0.005802139639854431,-0.003801685059443116,-0.008358716033399105,0.0002496980596333742,0.02254055254161358,0.026346223428845406
0.0898883193731308,0.09001608192920685,0.12295062839984894,0.09779679030179977,0.12209305167198181,0.2685887813568115,0.00010530121653573588,-0.008455395698547363,-0.008454900234937668,0.008539736270904541,-0.02455076202750206,0.02495577186346054
7.313025776056747e-07,0.04139745980501175,0.0665401816368103,0.06780710071325302,0.07187965512275696,0.09044258296489716,-0.003334041917696595,-0.001046398188918829,-0.002804029965773225,0.004530167207121849,-0.007864510640501976,-0.08774764090776443
0.044161636382341385,0.04485233128070831,0.1191365048289299,0.08595352619886398,0.11511644721031189,0.32656702399253845,-0.006963341496884823,-0.0012704982655122876,0.01182518806308508,0.027945948764681816,0.026870405301451683,0.04675877466797829
0.10470070689916611,0.09495719522237778,0.18063943088054657,0.15543878078460693,0.16641788184642792,0.5318093299865723,0.005592819303274155,-0.009312866255640984,-0.026888469234108925,-0.04065505787730217,-0.011613096110522747,-0.022288883104920387
0.09648925811052322,0.06921650469303131,0.1271856725215912,0.13262785971164703,0.12853673100471497,0.32934531569480896,0.008095359429717064,-0.005626484751701355,-0.013163874857127666,0.0021288914140313864,-0.016994480043649673,-0.0021872445940971375
0.061997462064027786,0.055570852011442184,0.07078646868467331,0.0699005126953125,0.08579001575708389,0.14441367983818054,0.0025109299458563328,-0.003522210055962205,-0.0015131967375054955,0.013426422141492367,-0.01081736572086811,-0.01206421758979559
0.07676373422145844,0.06312382966279984,0.11217309534549713,0.10524681210517883,0.11196885257959366,0.26669275760650635,0.004485380370169878,-0.00470766332000494,-0.01002756878733635,0.0007759887957945466,-0.003523878753185272,-0.015160338953137398
0.05261945724487305,0.037962280213832855,0.0919455885887146,0.08038941025733948,0.09229107201099396,0.22800755500793457,-0.0060206130146980286,0.0006745137507095933,0.00503707816824317,0.015553968958556652,0.0021021822467446327,0.07730994373559952
0.09334342181682587,0.08187486976385117,0.13458247482776642,0.11938102543354034,0.13113626837730408,0.34487834572792053,0.0041974694468081,-0.0073691424913704395,-0.0135169867426157,-0.00974208116531372,0.019910383969545364,-0.07925648242235184
0.06491592526435852,0.04610437527298927,0.08645416796207428,0.11137517541646957,0.09238004684448242,0.30393725633621216,0.0074107712134718895,-0.0018118541920557618,-0.006298726890236139,-0.0016517906915396452,-0.030880479142069817,-0.021542618051171303
0.04550369828939438,0.014903918839991093,0.04607975482940674,0.04730958864092827,0.06469005346298218,0.12642686069011688,0.0014317721361294389,-0.0013040972407907248,-7.310217915801331e-05,0.005532498937100172,0.023600813001394272,0.07755067199468613
0.06803734600543976,0.08968157321214676,0.1296280175447464,0.11357544362545013,0.13340814411640167,0.2521481215953827,-0.006477429531514645,-0.007823009975254536,-0.005314524285495281,0.022412657737731934,0.017050163820385933,-0.09945622831583023
0.055744823068380356,0.07002589106559753,0.08855600655078888,0.08425953984260559,0.07873596251010895,0.17115482687950134,-0.005045833066105843,-0.005435426719486713,0.0036155518610030413,0.002475743182003498,0.010183827951550484,0.025176893919706345
0.07257626205682755,0.0551108680665493,0.07829827815294266,0.10435375571250916,0.09717991948127747,0.16829460859298706,0.0061445897445082664,-0.0034776502288877964,-0.002801541704684496,0.00038288909127004445,0.00502544641494751,0.006868813652545214
0.04638319090008736,0.0669613629579544,0.11800520122051239,0.11660683155059814,0.10930994898080826,0.25766849517822266,-0.008341057226061821,-0.004709160421043634,-0.005011904053390026,0.0018109322991222143,0.006299874745309353,-0.04350293427705765
0.07820944488048553,0.06076667830348015,0.072684146463871,0.10156670957803726,0.09090937674045563,0.2108139842748642,0.005752814467996359,-0.0043798028491437435,-8.218810398830101e-05,-0.0001642179995542392,-0.0074113840237259865,0.10194103419780731
0.05474819988012314,0.06743984669446945,0.09295839071273804,0.08690284937620163,0.08374292403459549,0.25791361927986145,-0.004614466801285744,-0.005100550130009651,4.7812689444981515e-05,0.0073091513477265835,0.029630806297063828,-0.045761141926050186
0.06083720177412033,0.04753865674138069,0.07527604699134827,0.09408900886774063,0.08535291254520416,0.202943354845047,0.005315263755619526,-0.0021540706511586905,-0.00419800728559494,-0.000791267491877079,-0.005955701693892479,0.08912190049886703
0.057299792766571045,0.07206380367279053,0.12040197104215622,0.10564868152141571,0.11053893715143204,0.20660702884197235,-0.005050122272223234,-0.0057002888061106205,-0.006426012143492699,0.006525324657559395,-0.009487047791481018,-0.13299284875392914
0.07407917082309723,0.06653968244791031,0.10050565004348755,0.09900850802659988,0.09611082077026367,0.2295297384262085,0.0027467492036521435,-0.005169788841158152,-0.004544613417237997,-0.005364784970879555,-0.006122380495071411,0.018126556649804115
0.09266665577888489,0.08676479756832123,0.12636764347553253,0.1087714284658432,0.12148358672857285,0.29718017578125,0.0023115866351872683,-0.008020689710974693,-0.0100734643638134,-0.004588995594531298,-0.008504753932356834,-0.016628261655569077
0.0452660508453846,0.0009724539704620838,0.08867032080888748,0.053632259368896484,0.11035626381635666,0.23442867398262024,0.0019429641542956233,-0.0010753540555015206,0.009294194169342518,0.01823277771472931,0.00976924505084753,-0.02315090224146843
0.09534017741680145,0.07674119621515274,0.1465780884027481,0.13154231011867523,0.13688693940639496,0.4414527118206024,0.005306783132255077,-0.006650793831795454,-0.01827636919915676,-0.026781579479575157,-0.014904224313795567,-0.0025810815859586
0.05457688122987747,0.0636620745062828,0.07792361825704575,0.06432231515645981,0.08230375498533249,0.1589711457490921,-0.0032757336739450693,-0.004603384528309107,0.006431933958083391,0.01999821327626705,0.005496111232787371,0.06539368629455566
0.000963223516009748,0.06403008103370667,0.12500189244747162,0.10130741447210312,0.12644422054290771,0.28828945755958557,-0.008825686760246754,-0.004242944065481424,0.013961587101221085,0.024666721001267433,0.0036160300951451063,-0.024681705981492996
0.06047292426228523,0.05597440525889397,0.07947413623332977,0.07805243134498596,0.08449459075927734,0.08750885725021362,0.0018309574807062745,-0.0035823783837258816,0.00893243309110403,-0.007319104392081499,0.009918754920363426,0.16297465562820435
0.0917704775929451,0.09353651851415634,0.10862499475479126,0.10216331481933594,0.12058943510055542,0.19097349047660828,-0.000572694931179285,-0.008994671516120434,-0.00191849609836936,0.01013557892292738,-0.011354007758200169,-0.11421651393175125
0.07344625890254974,0.071946881711483,0.07873084396123886,0.08031802624464035,0.0730404183268547,0.133331298828125,0.0006683854153379798,-0.005905886646360159,0.0020302303601056337,-0.0010647483868524432,-0.006582978181540966,0.019578898325562477
0.07550238817930222,0.07209048420190811,0.10091789066791534,0.09519833326339722,0.09678895026445389,0.20111070573329926,0.0013487401884049177,-0.005929567385464907,-0.003472450654953718,-0.0006751441978849471,-0.0027717454358935356,-0.08640702813863754
0.05849052220582962,0.05734316259622574,0.10860449820756912,0.0663263127207756,0.12278924137353897,0.26758599281311035,0.0005559324054047465,-0.003787725931033492,0.014847599901258945,0.021799689158797264,0.007938146591186523,0.10256770998239517
0.09407651424407959,0.07909795641899109,0.13034354150295258,0.1234917864203453,0.1209547221660614,0.38794782757759094,0.004641864914447069,-0.006980858743190765,-0.01260361634194851,-0.025498883798718452,-0.0033680186606943607,-0.11781342327594757
0.05810047313570976,0.018986422568559647,0.10860273987054825,0.09079553186893463,0.13206836581230164,0.30237939953804016,0.006081948056817055,-0.0013683586148545146,0.01374134887009859,0.015619860962033272,-0.011345228180289268,0.1946684718132019
0.05670727789402008,0.0513431578874588,0.11294276267290115,0.09475959837436676,0.10836312919855118,0.35145026445388794,0.0022189379669725895,-0.0028346397448331118,-0.012420126236975193,-0.019703296944499016,-0.0011145931202918291,-0.10405775159597397
1.317681380896829e-05,0.00019904134387616068,0.05666530504822731,0.04787217825651169,0.05631769075989723,0.1262422502040863,-0.001886120531708002,-0.00038304313784465194,0.0033529263455420732,0.007975037209689617,0.0021961331367492676,0.07461003214120865
0.04838653653860092,0.047331470996141434,0.07597756385803223,0.034665580838918686,0.09545376151800156,0.2595761716365814,0.0005892575718462467,-0.00210396246984601,0.00795325543731451,0.029547182843089104,-0.013110751286149025,-0.028378194198012352
0.055018115788698196,0.06481222063302994,0.07734078913927078,0.07324888557195663,0.07594455033540726,0.09397527575492859,-0.003523342777043581,-0.004753165412694216,0.0023136683739721775,0.0019899627659469843,-0.008360474370419979,-0.03670743852853775
0.08605670928955078,0.08942572772502899,0.11168308556079865,0.10331548750400543,0.10898696631193161,0.30558234453201294,-0.0010978260543197393,-0.008353475481271744,-0.0048134406097233295,-0.005023992620408535,0.04124576225876808,-0.05049896985292435
0.06115086376667023,0.06414461880922318,0.06756274402141571,0.06521350890398026,0.07188420742750168,0.22642482817173004,-0.0009795436635613441,-0.004779171664267778,0.0036005389411002398,0.0008609959622845054,-0.03824486956000328,0.030687520280480385
0.07771266251802444,0.0720372125506401,0.1042747050523758,0.09899848699569702,0.1053968146443367,0.2424604743719101,0.002130115171894431,-0.005924530792981386,-0.004563935566693544,-0.001411658595316112,0.033216919749975204,-0.10418293625116348
0.04796072095632553,0.04878399893641472,0.05326012521982193,0.05393854156136513,0.03401278331875801,0.07620397955179214,-0.0002776232722681016,-0.002357437741011381,0.003040717449039221,-0.003677854547277093,-0.003278590738773346,0.1117270439863205
0.08204540610313416,0.0757644772529602,0.12939323484897614,0.1005280539393425,0.12686465680599213,0.30412954092025757,0.002326685469597578,-0.006457147188484669,-0.013028773479163647,-0.00042351626325398684,0.017140265554189682,-0.20153844356536865
0.11369997262954712,0.08067157119512558,0.11377778649330139,0.1442144811153412,0.11875360459089279,0.36231356859207153,0.011039507575333118,-0.007283560000360012,-0.006916494108736515,-0.007744401693344116,-0.031070781871676445,0.09405814856290817
0.00011924766295123845,9.10230710360338e-07,0.10197457671165466,0.04818297177553177,0.11300812661647797,0.2518802285194397,0.0010667426977306604,1.4208771062840242e-05,0.010723707266151905,0.013876942917704582,-0.005368887912482023,0.057001132518053055
0.07338377088308334,0.06385034322738647,0.11773980408906937,0.10361787676811218,0.11193138360977173,0.35193756222724915,0.0032479686196893454,-0.004795498214662075,-0.011713095009326935,-0.019859211519360542,0.01163576915860176,0.049173884093761444
0.07201679050922394,0.07024838775396347,0.10964424163103104,0.09044554084539413,0.10946109145879745,0.22606144845485687,0.0007583280676044524,-0.005669953301548958,-0.0077209495939314365,0.00475735031068325,0.010413244366645813,-0.05294078588485718
0.054902996867895126,0.049533069133758545,0.06877633929252625,0.06287365406751633,0.08182362467050552,0.175209179520607,0.0022882255725562572,-0.0025137197226285934,0.006899837404489517,0.008948307484388351,-0.008043612353503704,0.027231531217694283
0.03471539169549942,0.05348992720246315,0.11997270584106445,0.07124444842338562,0.11593719571828842,0.2740533947944641,-0.004356521647423506,-0.0029639420099556446,0.013990415260195732,0.02001163735985756,0.009342934936285019,0.07411199063062668
